Running 30s test @ http://localhost:8888/
  2 threads and 10 connections

  Thread calibration: mean lat.: 0.072ms, rate sampling interval: 10ms
  Thread calibration: mean lat.: 0.072ms, rate sampling interval: 10ms

-----------------------------------------------------------------------
Test Results @ http://localhost:8888/ 
  Thread Stats   Avg      Stdev     99%   +/- Stdev
    Latency    67.89us   43.57us 258.00us   90.91%
    Req/Sec    53.55    143.00   555.00     87.56%
  Latency Distribution (HdrHistogram - Recorded Latency)
 50.000%   52.00us
 75.000%   78.00us
 90.000%  104.00us
 99.000%  258.00us
 99.900%  462.00us
 99.990%  523.00us
 99.999%  523.00us
100.000%  523.00us

  Detailed Percentile spectrum:
       Value   Percentile   TotalCount 1/(1-Percentile)

       0.009     0.000000            1         1.00
       0.042     0.100000          275         1.11
       0.044     0.200000          449         1.25
       0.046     0.300000          656         1.43
       0.048     0.400000          819         1.67
       0.052     0.500000         1023         2.00
       0.054     0.550000         1110         2.22
       0.057     0.600000         1210         2.50
       0.061     0.650000         1299         2.86
       0.070     0.700000         1405         3.33
       0.078     0.750000         1500         4.00
       0.081     0.775000         1559         4.44
       0.083     0.800000         1606         5.00
       0.086     0.825000         1657         5.71
       0.090     0.850000         1698         6.67
       0.096     0.875000         1751         8.00
       0.099     0.887500         1768         8.89
       0.104     0.900000         1793        10.00
       0.114     0.912500         1818        11.43
       0.125     0.925000         1847        13.33
       0.138     0.937500         1870        16.00
       0.142     0.943750         1880        17.78
       0.146     0.950000         1895        20.00
       0.152     0.956250         1906        22.86
       0.161     0.962500         1918        26.67
       0.172     0.968750         1930        32.00
       0.181     0.971875         1936        35.56
       0.191     0.975000         1944        40.00
       0.195     0.978125         1949        45.71
       0.203     0.981250         1955        53.33
       0.213     0.984375         1961        64.00
       0.227     0.985938         1964        71.11
       0.241     0.987500         1968        80.00
       0.252     0.989062         1971        91.43
       0.269     0.990625         1974       106.67
       0.280     0.992188         1977       128.00
       0.281     0.992969         1979       142.22
       0.289     0.993750         1980       160.00
       0.310     0.994531         1982       182.86
       0.315     0.995313         1983       213.33
       0.346     0.996094         1985       256.00
       0.346     0.996484         1985       284.44
       0.349     0.996875         1986       320.00
       0.367     0.997266         1987       365.71
       0.379     0.997656         1988       426.67
       0.447     0.998047         1989       512.00
       0.447     0.998242         1989       568.89
       0.447     0.998437         1989       640.00
       0.462     0.998633         1990       731.43
       0.462     0.998828         1990       853.33
       0.482     0.999023         1991      1024.00
       0.482     0.999121         1991      1137.78
       0.482     0.999219         1991      1280.00
       0.482     0.999316         1991      1462.86
       0.482     0.999414         1991      1706.67
       0.523     0.999512         1992      2048.00
       0.523     1.000000         1992          inf
#[Mean    =        0.068, StdDeviation   =        0.044]
#[Max     =        0.523, Total count    =         1992]
#[Buckets =           27, SubBuckets     =         2048]
-----------------------------------------------------------------------
  2992 requests in 30.00s, 479.19KB read
Requests/sec:     99.73  
Transfer/sec:     15.97KB
