Running 30s test @ http://localhost:8888/
  2 threads and 10 connections

  Thread calibration: mean lat.: 0.088ms, rate sampling interval: 10ms
  Thread calibration: mean lat.: 0.082ms, rate sampling interval: 10ms

-----------------------------------------------------------------------
Test Results @ http://localhost:8888/ 
  Thread Stats   Avg      Stdev     99%   +/- Stdev
    Latency    90.57us   88.14us 366.00us   93.17%
    Req/Sec    53.40    145.08   555.00     87.92%
  Latency Distribution (HdrHistogram - Recorded Latency)
 50.000%   67.00us
 75.000%   98.00us
 90.000%  155.00us
 99.000%  366.00us
 99.900%    1.15ms
 99.990%    1.73ms
 99.999%    1.73ms
100.000%    1.73ms

  Detailed Percentile spectrum:
       Value   Percentile   TotalCount 1/(1-Percentile)

       0.007     0.000000            1         1.00
       0.045     0.100000          241         1.11
       0.049     0.200000          426         1.25
       0.054     0.300000          614         1.43
       0.059     0.400000          805         1.67
       0.067     0.500000          996         2.00
       0.075     0.550000         1108         2.22
       0.081     0.600000         1201         2.50
       0.086     0.650000         1310         2.86
       0.091     0.700000         1410         3.33
       0.098     0.750000         1496         4.00
       0.103     0.775000         1554         4.44
       0.108     0.800000         1599         5.00
       0.115     0.825000         1645         5.71
       0.125     0.850000         1695         6.67
       0.138     0.875000         1744         8.00
       0.146     0.887500         1769         8.89
       0.155     0.900000         1795        10.00
       0.164     0.912500         1820        11.43
       0.173     0.925000         1844        13.33
       0.187     0.937500         1868        16.00
       0.193     0.943750         1882        17.78
       0.200     0.950000         1894        20.00
       0.209     0.956250         1907        22.86
       0.224     0.962500         1919        26.67
       0.237     0.968750         1931        32.00
       0.242     0.971875         1936        35.56
       0.258     0.975000         1944        40.00
       0.269     0.978125         1951        45.71
       0.275     0.981250         1955        53.33
       0.282     0.984375         1961        64.00
       0.330     0.985938         1964        71.11
       0.353     0.987500         1968        80.00
       0.360     0.989062         1971        91.43
       0.386     0.990625         1974       106.67
       0.428     0.992188         1977       128.00
       0.442     0.992969         1978       142.22
       0.494     0.993750         1980       160.00
       0.560     0.994531         1982       182.86
       0.565     0.995313         1983       213.33
       0.629     0.996094         1985       256.00
       0.629     0.996484         1985       284.44
       0.659     0.996875         1986       320.00
       0.911     0.997266         1987       365.71
       0.918     0.997656         1988       426.67
       1.143     0.998047         1989       512.00
       1.143     0.998242         1989       568.89
       1.143     0.998437         1989       640.00
       1.149     0.998633         1990       731.43
       1.149     0.998828         1990       853.33
       1.478     0.999023         1991      1024.00
       1.478     0.999121         1991      1137.78
       1.478     0.999219         1991      1280.00
       1.478     0.999316         1991      1462.86
       1.478     0.999414         1991      1706.67
       1.732     0.999512         1992      2048.00
       1.732     1.000000         1992          inf
#[Mean    =        0.091, StdDeviation   =        0.088]
#[Max     =        1.732, Total count    =         1992]
#[Buckets =           27, SubBuckets     =         2048]
-----------------------------------------------------------------------
  2992 requests in 30.00s, 619.44KB read
Requests/sec:     99.73  
Transfer/sec:     20.65KB
