Running 30s test @ http://localhost:8888/
  2 threads and 10 connections

  Thread calibration: mean lat.: 0.078ms, rate sampling interval: 10ms
  Thread calibration: mean lat.: 0.069ms, rate sampling interval: 10ms

-----------------------------------------------------------------------
Test Results @ http://localhost:8888/ 
  Thread Stats   Avg      Stdev     99%   +/- Stdev
    Latency    70.55us   43.77us 271.00us   90.76%
    Req/Sec    53.38    146.00   555.00     89.49%
  Latency Distribution (HdrHistogram - Recorded Latency)
 50.000%   54.00us
 75.000%   83.00us
 90.000%  110.00us
 99.000%  271.00us
 99.900%  437.00us
 99.990%  477.00us
 99.999%  477.00us
100.000%  477.00us

  Detailed Percentile spectrum:
       Value   Percentile   TotalCount 1/(1-Percentile)

       0.009     0.000000            1         1.00
       0.042     0.100000          268         1.11
       0.044     0.200000          475         1.25
       0.046     0.300000          646         1.43
       0.049     0.400000          850         1.67
       0.054     0.500000         1021         2.00
       0.057     0.550000         1104         2.22
       0.065     0.600000         1208         2.50
       0.075     0.650000         1301         2.86
       0.080     0.700000         1409         3.33
       0.083     0.750000         1508         4.00
       0.084     0.775000         1544         4.44
       0.087     0.800000         1597         5.00
       0.091     0.825000         1650         5.71
       0.094     0.850000         1693         6.67
       0.102     0.875000         1750         8.00
       0.105     0.887500         1771         8.89
       0.110     0.900000         1794        10.00
       0.117     0.912500         1817        11.43
       0.125     0.925000         1847        13.33
       0.132     0.937500         1867        16.00
       0.139     0.943750         1881        17.78
       0.144     0.950000         1895        20.00
       0.148     0.956250         1905        22.86
       0.152     0.962500         1918        26.67
       0.159     0.968750         1929        32.00
       0.164     0.971875         1937        35.56
       0.181     0.975000         1942        40.00
       0.191     0.978125         1949        45.71
       0.206     0.981250         1954        53.33
       0.229     0.984375         1960        64.00
       0.247     0.985938         1964        71.11
       0.260     0.987500         1967        80.00
       0.264     0.989062         1970        91.43
       0.290     0.990625         1973       106.67
       0.296     0.992188         1976       128.00
       0.304     0.992969         1978       142.22
       0.307     0.993750         1979       160.00
       0.330     0.994531         1981       182.86
       0.331     0.995313         1982       213.33
       0.361     0.996094         1986       256.00
       0.361     0.996484         1986       284.44
       0.361     0.996875         1986       320.00
       0.361     0.997266         1986       365.71
       0.388     0.997656         1987       426.67
       0.395     0.998047         1988       512.00
       0.395     0.998242         1988       568.89
       0.395     0.998437         1988       640.00
       0.437     0.998633         1989       731.43
       0.437     0.998828         1989       853.33
       0.460     0.999023         1990      1024.00
       0.460     0.999121         1990      1137.78
       0.460     0.999219         1990      1280.00
       0.460     0.999316         1990      1462.86
       0.460     0.999414         1990      1706.67
       0.477     0.999512         1991      2048.00
       0.477     1.000000         1991          inf
#[Mean    =        0.071, StdDeviation   =        0.044]
#[Max     =        0.477, Total count    =         1991]
#[Buckets =           27, SubBuckets     =         2048]
-----------------------------------------------------------------------
  2992 requests in 30.00s, 441.20KB read
Requests/sec:     99.73  
Transfer/sec:     14.71KB
