Running 30s test @ http://localhost:8888/
  2 threads and 10 connections

  Thread calibration: mean lat.: 0.093ms, rate sampling interval: 10ms
  Thread calibration: mean lat.: 0.075ms, rate sampling interval: 10ms

-----------------------------------------------------------------------
Test Results @ http://localhost:8888/ 
  Thread Stats   Avg      Stdev     99%   +/- Stdev
    Latency    80.29us   62.16us 335.00us   89.66%
    Req/Sec    53.19    145.38   555.00     87.95%
  Latency Distribution (HdrHistogram - Recorded Latency)
 50.000%   53.00us
 75.000%   88.00us
 90.000%  144.00us
 99.000%  335.00us
 99.900%  519.00us
 99.990%    1.02ms
 99.999%    1.02ms
100.000%    1.02ms

  Detailed Percentile spectrum:
       Value   Percentile   TotalCount 1/(1-Percentile)

       0.027     0.000000            1         1.00
       0.043     0.100000          229         1.11
       0.045     0.200000          468         1.25
       0.047     0.300000          694         1.43
       0.049     0.400000          826         1.67
       0.053     0.500000         1003         2.00
       0.057     0.550000         1100         2.22
       0.067     0.600000         1204         2.50
       0.078     0.650000         1295         2.86
       0.082     0.700000         1413         3.33
       0.088     0.750000         1496         4.00
       0.094     0.775000         1548         4.44
       0.101     0.800000         1595         5.00
       0.119     0.825000         1644         5.71
       0.133     0.850000         1699         6.67
       0.137     0.875000         1743         8.00
       0.140     0.887500         1768         8.89
       0.144     0.900000         1794        10.00
       0.150     0.912500         1818        11.43
       0.162     0.925000         1843        13.33
       0.172     0.937500         1868        16.00
       0.177     0.943750         1880        17.78
       0.186     0.950000         1894        20.00
       0.196     0.956250         1906        22.86
       0.209     0.962500         1918        26.67
       0.224     0.968750         1930        32.00
       0.231     0.971875         1936        35.56
       0.238     0.975000         1943        40.00
       0.257     0.978125         1949        45.71
       0.268     0.981250         1955        53.33
       0.286     0.984375         1961        64.00
       0.308     0.985938         1964        71.11
       0.320     0.987500         1968        80.00
       0.325     0.989062         1971        91.43
       0.338     0.990625         1974       106.67
       0.353     0.992188         1977       128.00
       0.359     0.992969         1978       142.22
       0.367     0.993750         1980       160.00
       0.390     0.994531         1982       182.86
       0.396     0.995313         1983       213.33
       0.412     0.996094         1985       256.00
       0.412     0.996484         1985       284.44
       0.425     0.996875         1986       320.00
       0.453     0.997266         1987       365.71
       0.455     0.997656         1988       426.67
       0.475     0.998047         1989       512.00
       0.475     0.998242         1989       568.89
       0.475     0.998437         1989       640.00
       0.519     0.998633         1990       731.43
       0.519     0.998828         1990       853.33
       0.704     0.999023         1991      1024.00
       0.704     0.999121         1991      1137.78
       0.704     0.999219         1991      1280.00
       0.704     0.999316         1991      1462.86
       0.704     0.999414         1991      1706.67
       1.022     0.999512         1992      2048.00
       1.022     1.000000         1992          inf
#[Mean    =        0.080, StdDeviation   =        0.062]
#[Max     =        1.022, Total count    =         1992]
#[Buckets =           27, SubBuckets     =         2048]
-----------------------------------------------------------------------
  2992 requests in 30.00s, 479.19KB read
Requests/sec:     99.73  
Transfer/sec:     15.97KB
