Running 30s test @ http://localhost:8888/
  2 threads and 10 connections

  Thread calibration: mean lat.: 0.075ms, rate sampling interval: 10ms
  Thread calibration: mean lat.: 0.072ms, rate sampling interval: 10ms

-----------------------------------------------------------------------
Test Results @ http://localhost:8888/ 
  Thread Stats   Avg      Stdev     99%   +/- Stdev
    Latency    64.31us   40.10us 239.00us   90.17%
    Req/Sec    53.64    145.19   555.00     87.74%
  Latency Distribution (HdrHistogram - Recorded Latency)
 50.000%   49.00us
 75.000%   77.00us
 90.000%  101.00us
 99.000%  239.00us
 99.900%  352.00us
 99.990%  528.00us
 99.999%  528.00us
100.000%  528.00us

  Detailed Percentile spectrum:
       Value   Percentile   TotalCount 1/(1-Percentile)

       0.014     0.000000            1         1.00
       0.040     0.100000          210         1.11
       0.042     0.200000          501         1.25
       0.044     0.300000          696         1.43
       0.046     0.400000          862         1.67
       0.049     0.500000         1038         2.00
       0.051     0.550000         1134         2.22
       0.053     0.600000         1214         2.50
       0.056     0.650000         1313         2.86
       0.064     0.700000         1397         3.33
       0.077     0.750000         1510         4.00
       0.078     0.775000         1548         4.44
       0.080     0.800000         1600         5.00
       0.082     0.825000         1646         5.71
       0.085     0.850000         1703         6.67
       0.090     0.875000         1744         8.00
       0.095     0.887500         1775         8.89
       0.101     0.900000         1795        10.00
       0.111     0.912500         1819        11.43
       0.119     0.925000         1846        13.33
       0.132     0.937500         1869        16.00
       0.136     0.943750         1882        17.78
       0.140     0.950000         1897        20.00
       0.144     0.956250         1912        22.86
       0.147     0.962500         1919        26.67
       0.161     0.968750         1931        32.00
       0.171     0.971875         1937        35.56
       0.188     0.975000         1944        40.00
       0.191     0.978125         1950        45.71
       0.202     0.981250         1956        53.33
       0.212     0.984375         1962        64.00
       0.228     0.985938         1966        71.11
       0.234     0.987500         1970        80.00
       0.238     0.989062         1972        91.43
       0.241     0.990625         1976       106.67
       0.247     0.992188         1978       128.00
       0.254     0.992969         1979       142.22
       0.257     0.993750         1982       160.00
       0.267     0.994531         1983       182.86
       0.271     0.995313         1984       213.33
       0.289     0.996094         1986       256.00
       0.289     0.996484         1986       284.44
       0.295     0.996875         1987       320.00
       0.297     0.997266         1988       365.71
       0.321     0.997656         1989       426.67
       0.347     0.998047         1990       512.00
       0.347     0.998242         1990       568.89
       0.347     0.998437         1990       640.00
       0.352     0.998633         1991       731.43
       0.352     0.998828         1991       853.33
       0.424     0.999023         1992      1024.00
       0.424     0.999121         1992      1137.78
       0.424     0.999219         1992      1280.00
       0.424     0.999316         1992      1462.86
       0.424     0.999414         1992      1706.67
       0.528     0.999512         1993      2048.00
       0.528     1.000000         1993          inf
#[Mean    =        0.064, StdDeviation   =        0.040]
#[Max     =        0.528, Total count    =         1993]
#[Buckets =           27, SubBuckets     =         2048]
-----------------------------------------------------------------------
  2992 requests in 30.00s, 441.20KB read
Requests/sec:     99.73  
Transfer/sec:     14.71KB
