Running 30s test @ http://localhost:8888/
  2 threads and 10 connections

  Thread calibration: mean lat.: 0.087ms, rate sampling interval: 10ms
  Thread calibration: mean lat.: 0.080ms, rate sampling interval: 10ms

-----------------------------------------------------------------------
Test Results @ http://localhost:8888/ 
  Thread Stats   Avg      Stdev     99%   +/- Stdev
    Latency    86.35us   57.98us 325.00us   90.85%
    Req/Sec    53.19    148.27   555.00     89.61%
  Latency Distribution (HdrHistogram - Recorded Latency)
 50.000%   76.00us
 75.000%  101.00us
 90.000%  141.00us
 99.000%  325.00us
 99.900%  589.00us
 99.990%  716.00us
 99.999%  716.00us
100.000%  716.00us

  Detailed Percentile spectrum:
       Value   Percentile   TotalCount 1/(1-Percentile)

       0.014     0.000000            1         1.00
       0.044     0.100000          267         1.11
       0.047     0.200000          453         1.25
       0.051     0.300000          603         1.43
       0.058     0.400000          796         1.67
       0.076     0.500000          998         2.00
       0.081     0.550000         1113         2.22
       0.084     0.600000         1199         2.50
       0.088     0.650000         1298         2.86
       0.094     0.700000         1396         3.33
       0.101     0.750000         1508         4.00
       0.104     0.775000         1545         4.44
       0.109     0.800000         1599         5.00
       0.115     0.825000         1647         5.71
       0.121     0.850000         1692         6.67
       0.132     0.875000         1743         8.00
       0.136     0.887500         1767         8.89
       0.141     0.900000         1793        10.00
       0.146     0.912500         1816        11.43
       0.155     0.925000         1842        13.33
       0.168     0.937500         1867        16.00
       0.173     0.943750         1880        17.78
       0.180     0.950000         1892        20.00
       0.190     0.956250         1904        22.86
       0.197     0.962500         1918        26.67
       0.208     0.968750         1928        32.00
       0.218     0.971875         1936        35.56
       0.228     0.975000         1941        40.00
       0.239     0.978125         1947        45.71
       0.259     0.981250         1953        53.33
       0.283     0.984375         1959        64.00
       0.301     0.985938         1963        71.11
       0.308     0.987500         1967        80.00
       0.320     0.989062         1969        91.43
       0.347     0.990625         1972       106.67
       0.370     0.992188         1975       128.00
       0.399     0.992969         1977       142.22
       0.403     0.993750         1978       160.00
       0.417     0.994531         1980       182.86
       0.418     0.995313         1981       213.33
       0.431     0.996094         1983       256.00
       0.447     0.996484         1984       284.44
       0.447     0.996875         1984       320.00
       0.481     0.997266         1985       365.71
       0.491     0.997656         1986       426.67
       0.530     0.998047         1987       512.00
       0.530     0.998242         1987       568.89
       0.530     0.998437         1987       640.00
       0.589     0.998633         1988       731.43
       0.589     0.998828         1988       853.33
       0.642     0.999023         1989      1024.00
       0.642     0.999121         1989      1137.78
       0.642     0.999219         1989      1280.00
       0.642     0.999316         1989      1462.86
       0.642     0.999414         1989      1706.67
       0.716     0.999512         1990      2048.00
       0.716     1.000000         1990          inf
#[Mean    =        0.086, StdDeviation   =        0.058]
#[Max     =        0.716, Total count    =         1990]
#[Buckets =           27, SubBuckets     =         2048]
-----------------------------------------------------------------------
  2992 requests in 30.00s, 479.19KB read
Requests/sec:     99.73  
Transfer/sec:     15.97KB
