Running 30s test @ http://localhost:8888/
  2 threads and 10 connections

  Thread calibration: mean lat.: 0.066ms, rate sampling interval: 10ms
  Thread calibration: mean lat.: 0.073ms, rate sampling interval: 10ms

-----------------------------------------------------------------------
Test Results @ http://localhost:8888/ 
  Thread Stats   Avg      Stdev     99%   +/- Stdev
    Latency    70.79us   40.73us 249.00us   89.95%
    Req/Sec    53.43    146.57   555.00     89.36%
  Latency Distribution (HdrHistogram - Recorded Latency)
 50.000%   54.00us
 75.000%   84.00us
 90.000%  112.00us
 99.000%  249.00us
 99.900%  402.00us
 99.990%  406.00us
 99.999%  406.00us
100.000%  406.00us

  Detailed Percentile spectrum:
       Value   Percentile   TotalCount 1/(1-Percentile)

       0.009     0.000000            1         1.00
       0.041     0.100000          240         1.11
       0.043     0.200000          417         1.25
       0.046     0.300000          664         1.43
       0.049     0.400000          817         1.67
       0.054     0.500000         1012         2.00
       0.058     0.550000         1106         2.22
       0.067     0.600000         1196         2.50
       0.078     0.650000         1309         2.86
       0.081     0.700000         1396         3.33
       0.084     0.750000         1495         4.00
       0.087     0.775000         1548         4.44
       0.090     0.800000         1601         5.00
       0.093     0.825000         1652         5.71
       0.097     0.850000         1699         6.67
       0.103     0.875000         1747         8.00
       0.107     0.887500         1768         8.89
       0.112     0.900000         1794        10.00
       0.119     0.912500         1821        11.43
       0.125     0.925000         1842        13.33
       0.138     0.937500         1868        16.00
       0.142     0.943750         1882        17.78
       0.145     0.950000         1894        20.00
       0.148     0.956250         1904        22.86
       0.154     0.962500         1917        26.67
       0.166     0.968750         1929        32.00
       0.172     0.971875         1936        35.56
       0.185     0.975000         1942        40.00
       0.204     0.978125         1948        45.71
       0.207     0.981250         1954        53.33
       0.211     0.984375         1960        64.00
       0.216     0.985938         1964        71.11
       0.225     0.987500         1967        80.00
       0.245     0.989062         1970        91.43
       0.252     0.990625         1974       106.67
       0.256     0.992188         1976       128.00
       0.263     0.992969         1978       142.22
       0.265     0.993750         1979       160.00
       0.275     0.994531         1981       182.86
       0.279     0.995313         1982       213.33
       0.285     0.996094         1984       256.00
       0.287     0.996484         1985       284.44
       0.287     0.996875         1985       320.00
       0.293     0.997266         1986       365.71
       0.331     0.997656         1987       426.67
       0.348     0.998047         1988       512.00
       0.348     0.998242         1988       568.89
       0.348     0.998437         1988       640.00
       0.402     0.998633         1989       731.43
       0.402     0.998828         1989       853.33
       0.403     0.999023         1990      1024.00
       0.403     0.999121         1990      1137.78
       0.403     0.999219         1990      1280.00
       0.403     0.999316         1990      1462.86
       0.403     0.999414         1990      1706.67
       0.406     0.999512         1991      2048.00
       0.406     1.000000         1991          inf
#[Mean    =        0.071, StdDeviation   =        0.041]
#[Max     =        0.406, Total count    =         1991]
#[Buckets =           27, SubBuckets     =         2048]
-----------------------------------------------------------------------
  2992 requests in 30.00s, 479.19KB read
Requests/sec:     99.73  
Transfer/sec:     15.97KB
