Running 30s test @ http://localhost:8888/
  2 threads and 10 connections

  Thread calibration: mean lat.: 0.069ms, rate sampling interval: 10ms
  Thread calibration: mean lat.: 0.066ms, rate sampling interval: 10ms

-----------------------------------------------------------------------
Test Results @ http://localhost:8888/ 
  Thread Stats   Avg      Stdev     99%   +/- Stdev
    Latency    71.73us   48.96us 298.00us   89.06%
    Req/Sec    53.43    143.30   555.00     87.68%
  Latency Distribution (HdrHistogram - Recorded Latency)
 50.000%   52.00us
 75.000%   80.00us
 90.000%  126.00us
 99.000%  298.00us
 99.900%  395.00us
 99.990%  461.00us
 99.999%  461.00us
100.000%  461.00us

  Detailed Percentile spectrum:
       Value   Percentile   TotalCount 1/(1-Percentile)

       0.011     0.000000            1         1.00
       0.042     0.100000          239         1.11
       0.044     0.200000          464         1.25
       0.046     0.300000          674         1.43
       0.048     0.400000          814         1.67
       0.052     0.500000         1015         2.00
       0.055     0.550000         1119         2.22
       0.059     0.600000         1211         2.50
       0.065     0.650000         1303         2.86
       0.076     0.700000         1396         3.33
       0.080     0.750000         1501         4.00
       0.082     0.775000         1554         4.44
       0.085     0.800000         1599         5.00
       0.089     0.825000         1645         5.71
       0.096     0.850000         1694         6.67
       0.109     0.875000         1743         8.00
       0.117     0.887500         1770         8.89
       0.126     0.900000         1794        10.00
       0.136     0.912500         1819        11.43
       0.142     0.925000         1844        13.33
       0.150     0.937500         1870        16.00
       0.157     0.943750         1880        17.78
       0.162     0.950000         1894        20.00
       0.168     0.956250         1907        22.86
       0.180     0.962500         1920        26.67
       0.194     0.968750         1930        32.00
       0.207     0.971875         1936        35.56
       0.218     0.975000         1943        40.00
       0.229     0.978125         1949        45.71
       0.248     0.981250         1955        53.33
       0.273     0.984375         1961        64.00
       0.278     0.985938         1964        71.11
       0.291     0.987500         1968        80.00
       0.296     0.989062         1971        91.43
       0.301     0.990625         1974       106.67
       0.314     0.992188         1977       128.00
       0.318     0.992969         1979       142.22
       0.320     0.993750         1980       160.00
       0.341     0.994531         1982       182.86
       0.349     0.995313         1983       213.33
       0.366     0.996094         1985       256.00
       0.366     0.996484         1985       284.44
       0.373     0.996875         1986       320.00
       0.376     0.997266         1987       365.71
       0.378     0.997656         1988       426.67
       0.387     0.998047         1989       512.00
       0.387     0.998242         1989       568.89
       0.387     0.998437         1989       640.00
       0.395     0.998633         1990       731.43
       0.395     0.998828         1990       853.33
       0.411     0.999023         1991      1024.00
       0.411     0.999121         1991      1137.78
       0.411     0.999219         1991      1280.00
       0.411     0.999316         1991      1462.86
       0.411     0.999414         1991      1706.67
       0.461     0.999512         1992      2048.00
       0.461     1.000000         1992          inf
#[Mean    =        0.072, StdDeviation   =        0.049]
#[Max     =        0.461, Total count    =         1992]
#[Buckets =           27, SubBuckets     =         2048]
-----------------------------------------------------------------------
  2992 requests in 30.00s, 441.20KB read
Requests/sec:     99.73  
Transfer/sec:     14.71KB
