Running 30s test @ http://localhost:8888/
  2 threads and 10 connections

  Thread calibration: mean lat.: 0.073ms, rate sampling interval: 10ms
  Thread calibration: mean lat.: 0.077ms, rate sampling interval: 10ms

-----------------------------------------------------------------------
Test Results @ http://localhost:8888/ 
  Thread Stats   Avg      Stdev     99%   +/- Stdev
    Latency    77.34us   46.28us 250.00us   88.55%
    Req/Sec    53.51    145.77   555.00     89.31%
  Latency Distribution (HdrHistogram - Recorded Latency)
 50.000%   59.00us
 75.000%   88.00us
 90.000%  131.00us
 99.000%  250.00us
 99.900%  417.00us
 99.990%  526.00us
 99.999%  526.00us
100.000%  526.00us

  Detailed Percentile spectrum:
       Value   Percentile   TotalCount 1/(1-Percentile)

       0.015     0.000000            1         1.00
       0.045     0.100000          273         1.11
       0.047     0.200000          403         1.25
       0.051     0.300000          642         1.43
       0.055     0.400000          830         1.67
       0.059     0.500000          997         2.00
       0.063     0.550000         1104         2.22
       0.068     0.600000         1207         2.50
       0.074     0.650000         1296         2.86
       0.084     0.700000         1401         3.33
       0.088     0.750000         1503         4.00
       0.091     0.775000         1546         4.44
       0.096     0.800000         1597         5.00
       0.102     0.825000         1646         5.71
       0.109     0.850000         1696         6.67
       0.119     0.875000         1745         8.00
       0.125     0.887500         1772         8.89
       0.131     0.900000         1794        10.00
       0.143     0.912500         1818        11.43
       0.150     0.925000         1845        13.33
       0.157     0.937500         1868        16.00
       0.159     0.943750         1880        17.78
       0.167     0.950000         1893        20.00
       0.176     0.956250         1906        22.86
       0.184     0.962500         1918        26.67
       0.194     0.968750         1930        32.00
       0.200     0.971875         1937        35.56
       0.208     0.975000         1943        40.00
       0.211     0.978125         1949        45.71
       0.219     0.981250         1955        53.33
       0.227     0.984375         1961        64.00
       0.231     0.985938         1964        71.11
       0.238     0.987500         1968        80.00
       0.248     0.989062         1971        91.43
       0.253     0.990625         1974       106.67
       0.269     0.992188         1977       128.00
       0.271     0.992969         1978       142.22
       0.275     0.993750         1980       160.00
       0.293     0.994531         1982       182.86
       0.298     0.995313         1983       213.33
       0.330     0.996094         1985       256.00
       0.330     0.996484         1985       284.44
       0.331     0.996875         1986       320.00
       0.349     0.997266         1987       365.71
       0.369     0.997656         1988       426.67
       0.415     0.998047         1989       512.00
       0.415     0.998242         1989       568.89
       0.415     0.998437         1989       640.00
       0.417     0.998633         1990       731.43
       0.417     0.998828         1990       853.33
       0.504     0.999023         1991      1024.00
       0.504     0.999121         1991      1137.78
       0.504     0.999219         1991      1280.00
       0.504     0.999316         1991      1462.86
       0.504     0.999414         1991      1706.67
       0.526     0.999512         1992      2048.00
       0.526     1.000000         1992          inf
#[Mean    =        0.077, StdDeviation   =        0.046]
#[Max     =        0.526, Total count    =         1992]
#[Buckets =           27, SubBuckets     =         2048]
-----------------------------------------------------------------------
  2992 requests in 30.00s, 619.44KB read
Requests/sec:     99.73  
Transfer/sec:     20.65KB
