Running 30s test @ http://localhost:8888/
  2 threads and 10 connections

  Thread calibration: mean lat.: 0.097ms, rate sampling interval: 10ms
  Thread calibration: mean lat.: 0.090ms, rate sampling interval: 10ms

-----------------------------------------------------------------------
Test Results @ http://localhost:8888/ 
  Thread Stats   Avg      Stdev     99%   +/- Stdev
    Latency    79.87us   45.67us 241.00us   87.00%
    Req/Sec    53.32    148.05   555.00     89.58%
  Latency Distribution (HdrHistogram - Recorded Latency)
 50.000%   63.00us
 75.000%   95.00us
 90.000%  140.00us
 99.000%  241.00us
 99.900%  420.00us
 99.990%  505.00us
 99.999%  505.00us
100.000%  505.00us

  Detailed Percentile spectrum:
       Value   Percentile   TotalCount 1/(1-Percentile)

       0.027     0.000000            1         1.00
       0.044     0.100000          272         1.11
       0.046     0.200000          412         1.25
       0.049     0.300000          607         1.43
       0.054     0.400000          810         1.67
       0.063     0.500000         1004         2.00
       0.074     0.550000         1100         2.22
       0.082     0.600000         1213         2.50
       0.085     0.650000         1304         2.86
       0.089     0.700000         1399         3.33
       0.095     0.750000         1498         4.00
       0.098     0.775000         1548         4.44
       0.102     0.800000         1596         5.00
       0.107     0.825000         1648         5.71
       0.115     0.850000         1695         6.67
       0.130     0.875000         1744         8.00
       0.136     0.887500         1770         8.89
       0.140     0.900000         1795        10.00
       0.145     0.912500         1820        11.43
       0.149     0.925000         1854        13.33
       0.153     0.937500         1872        16.00
       0.156     0.943750         1881        17.78
       0.160     0.950000         1895        20.00
       0.167     0.956250         1905        22.86
       0.175     0.962500         1924        26.67
       0.180     0.968750         1931        32.00
       0.183     0.971875         1936        35.56
       0.187     0.975000         1943        40.00
       0.195     0.978125         1952        45.71
       0.204     0.981250         1955        53.33
       0.215     0.984375         1962        64.00
       0.224     0.985938         1964        71.11
       0.234     0.987500         1968        80.00
       0.241     0.989062         1972        91.43
       0.248     0.990625         1974       106.67
       0.279     0.992188         1977       128.00
       0.287     0.992969         1978       142.22
       0.293     0.993750         1980       160.00
       0.311     0.994531         1982       182.86
       0.316     0.995313         1983       213.33
       0.325     0.996094         1985       256.00
       0.325     0.996484         1985       284.44
       0.345     0.996875         1987       320.00
       0.345     0.997266         1987       365.71
       0.350     0.997656         1988       426.67
       0.419     0.998047         1989       512.00
       0.419     0.998242         1989       568.89
       0.419     0.998437         1989       640.00
       0.420     0.998633         1990       731.43
       0.420     0.998828         1990       853.33
       0.439     0.999023         1991      1024.00
       0.439     0.999121         1991      1137.78
       0.439     0.999219         1991      1280.00
       0.439     0.999316         1991      1462.86
       0.439     0.999414         1991      1706.67
       0.505     0.999512         1992      2048.00
       0.505     1.000000         1992          inf
#[Mean    =        0.080, StdDeviation   =        0.046]
#[Max     =        0.505, Total count    =         1992]
#[Buckets =           27, SubBuckets     =         2048]
-----------------------------------------------------------------------
  2992 requests in 30.00s, 619.44KB read
Requests/sec:     99.73  
Transfer/sec:     20.65KB
