Running 30s test @ http://localhost:8888/
  2 threads and 10 connections

  Thread calibration: mean lat.: 0.080ms, rate sampling interval: 10ms
  Thread calibration: mean lat.: 0.143ms, rate sampling interval: 10ms

-----------------------------------------------------------------------
Test Results @ http://localhost:8888/ 
  Thread Stats   Avg      Stdev     99%   +/- Stdev
    Latency   116.75us   82.29us 438.00us   88.10%
    Req/Sec    52.73    152.09   555.00     89.76%
  Latency Distribution (HdrHistogram - Recorded Latency)
 50.000%   96.00us
 75.000%  150.00us
 90.000%  199.00us
 99.000%  438.00us
 99.900%  759.00us
 99.990%  829.00us
 99.999%  829.00us
100.000%  829.00us

  Detailed Percentile spectrum:
       Value   Percentile   TotalCount 1/(1-Percentile)

       0.010     0.000000            1         1.00
       0.046     0.100000          225         1.11
       0.053     0.200000          418         1.25
       0.066     0.300000          605         1.43
       0.084     0.400000          799         1.67
       0.096     0.500000         1005         2.00
       0.103     0.550000         1100         2.22
       0.112     0.600000         1197         2.50
       0.126     0.650000         1304         2.86
       0.136     0.700000         1399         3.33
       0.150     0.750000         1495         4.00
       0.157     0.775000         1546         4.44
       0.162     0.800000         1593         5.00
       0.169     0.825000         1646         5.71
       0.178     0.850000         1693         6.67
       0.189     0.875000         1750         8.00
       0.193     0.887500         1769         8.89
       0.199     0.900000         1792        10.00
       0.207     0.912500         1817        11.43
       0.216     0.925000         1843        13.33
       0.227     0.937500         1867        16.00
       0.235     0.943750         1880        17.78
       0.251     0.950000         1892        20.00
       0.270     0.956250         1904        22.86
       0.281     0.962500         1917        26.67
       0.304     0.968750         1929        32.00
       0.325     0.971875         1936        35.56
       0.338     0.975000         1942        40.00
       0.362     0.978125         1948        45.71
       0.376     0.981250         1954        53.33
       0.399     0.984375         1960        64.00
       0.415     0.985938         1964        71.11
       0.423     0.987500         1967        80.00
       0.437     0.989062         1970        91.43
       0.447     0.990625         1973       106.67
       0.462     0.992188         1976       128.00
       0.499     0.992969         1978       142.22
       0.507     0.993750         1979       160.00
       0.535     0.994531         1981       182.86
       0.540     0.995313         1982       213.33
       0.577     0.996094         1984       256.00
       0.586     0.996484         1985       284.44
       0.586     0.996875         1985       320.00
       0.607     0.997266         1986       365.71
       0.641     0.997656         1987       426.67
       0.756     0.998047         1988       512.00
       0.756     0.998242         1988       568.89
       0.756     0.998437         1988       640.00
       0.759     0.998633         1989       731.43
       0.759     0.998828         1989       853.33
       0.770     0.999023         1990      1024.00
       0.770     0.999121         1990      1137.78
       0.770     0.999219         1990      1280.00
       0.770     0.999316         1990      1462.86
       0.770     0.999414         1990      1706.67
       0.829     0.999512         1991      2048.00
       0.829     1.000000         1991          inf
#[Mean    =        0.117, StdDeviation   =        0.082]
#[Max     =        0.829, Total count    =         1991]
#[Buckets =           27, SubBuckets     =         2048]
-----------------------------------------------------------------------
  2942 requests in 30.00s, 471.18KB read
Requests/sec:     98.06  
Transfer/sec:     15.71KB
