Running 30s test @ http://localhost:8888/
  2 threads and 10 connections

  Thread calibration: mean lat.: 0.072ms, rate sampling interval: 10ms
  Thread calibration: mean lat.: 0.062ms, rate sampling interval: 10ms

-----------------------------------------------------------------------
Test Results @ http://localhost:8888/ 
  Thread Stats   Avg      Stdev     99%   +/- Stdev
    Latency    67.41us   40.29us 254.00us   90.91%
    Req/Sec    53.37    146.31   555.00     89.44%
  Latency Distribution (HdrHistogram - Recorded Latency)
 50.000%   51.00us
 75.000%   80.00us
 90.000%  102.00us
 99.000%  254.00us
 99.900%  337.00us
 99.990%  362.00us
 99.999%  362.00us
100.000%  362.00us

  Detailed Percentile spectrum:
       Value   Percentile   TotalCount 1/(1-Percentile)

       0.027     0.000000            1         1.00
       0.041     0.100000          206         1.11
       0.043     0.200000          431         1.25
       0.045     0.300000          631         1.43
       0.047     0.400000          812         1.67
       0.051     0.500000         1028         2.00
       0.053     0.550000         1112         2.22
       0.056     0.600000         1213         2.50
       0.065     0.650000         1304         2.86
       0.077     0.700000         1410         3.33
       0.080     0.750000         1504         4.00
       0.081     0.775000         1546         4.44
       0.084     0.800000         1594         5.00
       0.087     0.825000         1647         5.71
       0.090     0.850000         1694         6.67
       0.095     0.875000         1745         8.00
       0.098     0.887500         1774         8.89
       0.102     0.900000         1795        10.00
       0.110     0.912500         1819        11.43
       0.119     0.925000         1844        13.33
       0.130     0.937500         1868        16.00
       0.137     0.943750         1881        17.78
       0.141     0.950000         1894        20.00
       0.145     0.956250         1905        22.86
       0.153     0.962500         1918        26.67
       0.168     0.968750         1930        32.00
       0.181     0.971875         1936        35.56
       0.189     0.975000         1943        40.00
       0.197     0.978125         1949        45.71
       0.209     0.981250         1955        53.33
       0.232     0.984375         1962        64.00
       0.238     0.985938         1964        71.11
       0.247     0.987500         1968        80.00
       0.251     0.989062         1971        91.43
       0.258     0.990625         1974       106.67
       0.265     0.992188         1977       128.00
       0.266     0.992969         1978       142.22
       0.267     0.993750         1980       160.00
       0.296     0.994531         1982       182.86
       0.306     0.995313         1984       213.33
       0.313     0.996094         1985       256.00
       0.313     0.996484         1985       284.44
       0.314     0.996875         1987       320.00
       0.314     0.997266         1987       365.71
       0.327     0.997656         1988       426.67
       0.335     0.998047         1989       512.00
       0.335     0.998242         1989       568.89
       0.335     0.998437         1989       640.00
       0.337     0.998633         1990       731.43
       0.337     0.998828         1990       853.33
       0.338     0.999023         1991      1024.00
       0.338     0.999121         1991      1137.78
       0.338     0.999219         1991      1280.00
       0.338     0.999316         1991      1462.86
       0.338     0.999414         1991      1706.67
       0.362     0.999512         1992      2048.00
       0.362     1.000000         1992          inf
#[Mean    =        0.067, StdDeviation   =        0.040]
#[Max     =        0.362, Total count    =         1992]
#[Buckets =           27, SubBuckets     =         2048]
-----------------------------------------------------------------------
  2992 requests in 30.00s, 441.20KB read
Requests/sec:     99.73  
Transfer/sec:     14.71KB
