Running 30s test @ http://localhost:8888/
  2 threads and 10 connections

  Thread calibration: mean lat.: 0.069ms, rate sampling interval: 10ms
  Thread calibration: mean lat.: 0.069ms, rate sampling interval: 10ms

-----------------------------------------------------------------------
Test Results @ http://localhost:8888/ 
  Thread Stats   Avg      Stdev     99%   +/- Stdev
    Latency    69.50us   39.17us 218.00us   86.90%
    Req/Sec    53.22    141.37   555.00     87.54%
  Latency Distribution (HdrHistogram - Recorded Latency)
 50.000%   53.00us
 75.000%   81.00us
 90.000%  124.00us
 99.000%  218.00us
 99.900%  309.00us
 99.990%  373.00us
 99.999%  373.00us
100.000%  373.00us

  Detailed Percentile spectrum:
       Value   Percentile   TotalCount 1/(1-Percentile)

       0.009     0.000000            1         1.00
       0.042     0.100000          290         1.11
       0.044     0.200000          473         1.25
       0.046     0.300000          672         1.43
       0.048     0.400000          819         1.67
       0.053     0.500000         1008         2.00
       0.056     0.550000         1112         2.22
       0.060     0.600000         1210         2.50
       0.066     0.650000         1298         2.86
       0.076     0.700000         1400         3.33
       0.081     0.750000         1509         4.00
       0.083     0.775000         1556         4.44
       0.086     0.800000         1607         5.00
       0.091     0.825000         1645         5.71
       0.099     0.850000         1697         6.67
       0.112     0.875000         1745         8.00
       0.117     0.887500         1769         8.89
       0.124     0.900000         1794        10.00
       0.130     0.912500         1821        11.43
       0.138     0.925000         1843        13.33
       0.145     0.937500         1872        16.00
       0.147     0.943750         1881        17.78
       0.150     0.950000         1898        20.00
       0.152     0.956250         1905        22.86
       0.160     0.962500         1918        26.67
       0.167     0.968750         1930        32.00
       0.172     0.971875         1937        35.56
       0.178     0.975000         1944        40.00
       0.183     0.978125         1950        45.71
       0.187     0.981250         1955        53.33
       0.200     0.984375         1961        64.00
       0.208     0.985938         1964        71.11
       0.215     0.987500         1968        80.00
       0.218     0.989062         1973        91.43
       0.220     0.990625         1974       106.67
       0.233     0.992188         1977       128.00
       0.237     0.992969         1978       142.22
       0.245     0.993750         1980       160.00
       0.250     0.994531         1982       182.86
       0.251     0.995313         1983       213.33
       0.261     0.996094         1985       256.00
       0.261     0.996484         1985       284.44
       0.268     0.996875         1986       320.00
       0.277     0.997266         1987       365.71
       0.278     0.997656         1988       426.67
       0.306     0.998047         1989       512.00
       0.306     0.998242         1989       568.89
       0.306     0.998437         1989       640.00
       0.309     0.998633         1990       731.43
       0.309     0.998828         1990       853.33
       0.322     0.999023         1991      1024.00
       0.322     0.999121         1991      1137.78
       0.322     0.999219         1991      1280.00
       0.322     0.999316         1991      1462.86
       0.322     0.999414         1991      1706.67
       0.373     0.999512         1992      2048.00
       0.373     1.000000         1992          inf
#[Mean    =        0.069, StdDeviation   =        0.039]
#[Max     =        0.373, Total count    =         1992]
#[Buckets =           27, SubBuckets     =         2048]
-----------------------------------------------------------------------
  2992 requests in 30.00s, 479.19KB read
Requests/sec:     99.73  
Transfer/sec:     15.97KB
