Running 30s test @ http://localhost:8888/
  2 threads and 10 connections

  Thread calibration: mean lat.: 0.087ms, rate sampling interval: 10ms
  Thread calibration: mean lat.: 0.087ms, rate sampling interval: 10ms

-----------------------------------------------------------------------
Test Results @ http://localhost:8888/ 
  Thread Stats   Avg      Stdev     99%   +/- Stdev
    Latency    91.78us   59.47us 338.00us   89.51%
    Req/Sec    53.22    146.69   555.00     89.41%
  Latency Distribution (HdrHistogram - Recorded Latency)
 50.000%   82.00us
 75.000%  103.00us
 90.000%  154.00us
 99.000%  338.00us
 99.900%  502.00us
 99.990%  673.00us
 99.999%  673.00us
100.000%  673.00us

  Detailed Percentile spectrum:
       Value   Percentile   TotalCount 1/(1-Percentile)

       0.033     0.000000            1         1.00
       0.047     0.100000          234         1.11
       0.051     0.200000          436         1.25
       0.056     0.300000          621         1.43
       0.062     0.400000          819         1.67
       0.082     0.500000         1003         2.00
       0.086     0.550000         1118         2.22
       0.089     0.600000         1224         2.50
       0.092     0.650000         1297         2.86
       0.097     0.700000         1403         3.33
       0.103     0.750000         1502         4.00
       0.106     0.775000         1552         4.44
       0.111     0.800000         1596         5.00
       0.120     0.825000         1646         5.71
       0.129     0.850000         1697         6.67
       0.143     0.875000         1744         8.00
       0.150     0.887500         1769         8.89
       0.154     0.900000         1796        10.00
       0.158     0.912500         1820        11.43
       0.164     0.925000         1844        13.33
       0.182     0.937500         1868        16.00
       0.191     0.943750         1881        17.78
       0.203     0.950000         1893        20.00
       0.213     0.956250         1905        22.86
       0.220     0.962500         1918        26.67
       0.238     0.968750         1931        32.00
       0.254     0.971875         1937        35.56
       0.264     0.975000         1943        40.00
       0.276     0.978125         1949        45.71
       0.291     0.981250         1955        53.33
       0.308     0.984375         1961        64.00
       0.311     0.985938         1965        71.11
       0.330     0.987500         1968        80.00
       0.335     0.989062         1971        91.43
       0.346     0.990625         1974       106.67
       0.354     0.992188         1977       128.00
       0.356     0.992969         1979       142.22
       0.359     0.993750         1980       160.00
       0.377     0.994531         1982       182.86
       0.382     0.995313         1983       213.33
       0.450     0.996094         1985       256.00
       0.450     0.996484         1985       284.44
       0.452     0.996875         1986       320.00
       0.463     0.997266         1987       365.71
       0.485     0.997656         1988       426.67
       0.492     0.998047         1989       512.00
       0.492     0.998242         1989       568.89
       0.492     0.998437         1989       640.00
       0.502     0.998633         1990       731.43
       0.502     0.998828         1990       853.33
       0.625     0.999023         1991      1024.00
       0.625     0.999121         1991      1137.78
       0.625     0.999219         1991      1280.00
       0.625     0.999316         1991      1462.86
       0.625     0.999414         1991      1706.67
       0.673     0.999512         1992      2048.00
       0.673     1.000000         1992          inf
#[Mean    =        0.092, StdDeviation   =        0.059]
#[Max     =        0.673, Total count    =         1992]
#[Buckets =           27, SubBuckets     =         2048]
-----------------------------------------------------------------------
  2992 requests in 30.00s, 619.44KB read
Requests/sec:     99.73  
Transfer/sec:     20.65KB
