Running 30s test @ http://localhost:8888/
  2 threads and 10 connections

  Thread calibration: mean lat.: 0.082ms, rate sampling interval: 10ms
  Thread calibration: mean lat.: 0.086ms, rate sampling interval: 10ms

-----------------------------------------------------------------------
Test Results @ http://localhost:8888/ 
  Thread Stats   Avg      Stdev     99%   +/- Stdev
    Latency    81.90us   52.25us 306.00us   89.90%
    Req/Sec    53.33    149.28   555.00     89.56%
  Latency Distribution (HdrHistogram - Recorded Latency)
 50.000%   72.00us
 75.000%   93.00us
 90.000%  135.00us
 99.000%  306.00us
 99.900%  500.00us
 99.990%  609.00us
 99.999%  609.00us
100.000%  609.00us

  Detailed Percentile spectrum:
       Value   Percentile   TotalCount 1/(1-Percentile)

       0.027     0.000000            1         1.00
       0.042     0.100000          208         1.11
       0.046     0.200000          436         1.25
       0.050     0.300000          602         1.43
       0.057     0.400000          806         1.67
       0.072     0.500000         1002         2.00
       0.079     0.550000         1121         2.22
       0.081     0.600000         1205         2.50
       0.084     0.650000         1320         2.86
       0.087     0.700000         1396         3.33
       0.093     0.750000         1505         4.00
       0.096     0.775000         1553         4.44
       0.100     0.800000         1602         5.00
       0.104     0.825000         1645         5.71
       0.113     0.850000         1694         6.67
       0.125     0.875000         1748         8.00
       0.131     0.887500         1770         8.89
       0.135     0.900000         1792        10.00
       0.141     0.912500         1817        11.43
       0.147     0.925000         1848        13.33
       0.152     0.937500         1869        16.00
       0.160     0.943750         1881        17.78
       0.171     0.950000         1892        20.00
       0.182     0.956250         1906        22.86
       0.192     0.962500         1917        26.67
       0.200     0.968750         1929        32.00
       0.212     0.971875         1936        35.56
       0.219     0.975000         1942        40.00
       0.228     0.978125         1948        45.71
       0.237     0.981250         1954        53.33
       0.255     0.984375         1960        64.00
       0.272     0.985938         1964        71.11
       0.285     0.987500         1967        80.00
       0.293     0.989062         1970        91.43
       0.317     0.990625         1973       106.67
       0.327     0.992188         1976       128.00
       0.328     0.992969         1978       142.22
       0.335     0.993750         1979       160.00
       0.376     0.994531         1981       182.86
       0.379     0.995313         1982       213.33
       0.417     0.996094         1984       256.00
       0.436     0.996484         1985       284.44
       0.436     0.996875         1985       320.00
       0.453     0.997266         1986       365.71
       0.457     0.997656         1987       426.67
       0.500     0.998047         1989       512.00
       0.500     0.998242         1989       568.89
       0.500     0.998437         1989       640.00
       0.500     0.998633         1989       731.43
       0.500     0.998828         1989       853.33
       0.522     0.999023         1990      1024.00
       0.522     0.999121         1990      1137.78
       0.522     0.999219         1990      1280.00
       0.522     0.999316         1990      1462.86
       0.522     0.999414         1990      1706.67
       0.609     0.999512         1991      2048.00
       0.609     1.000000         1991          inf
#[Mean    =        0.082, StdDeviation   =        0.052]
#[Max     =        0.609, Total count    =         1991]
#[Buckets =           27, SubBuckets     =         2048]
-----------------------------------------------------------------------
  2992 requests in 30.00s, 479.19KB read
Requests/sec:     99.73  
Transfer/sec:     15.97KB
