Running 30s test @ http://localhost:8888/
  2 threads and 10 connections

  Thread calibration: mean lat.: 0.091ms, rate sampling interval: 10ms
  Thread calibration: mean lat.: 0.098ms, rate sampling interval: 10ms

-----------------------------------------------------------------------
Test Results @ http://localhost:8888/ 
  Thread Stats   Avg      Stdev     99%   +/- Stdev
    Latency    87.69us   66.36us 384.00us   90.56%
    Req/Sec    53.09    146.05   555.00     89.33%
  Latency Distribution (HdrHistogram - Recorded Latency)
 50.000%   69.00us
 75.000%   99.00us
 90.000%  151.00us
 99.000%  384.00us
 99.900%  540.00us
 99.990%  815.00us
 99.999%  815.00us
100.000%  815.00us

  Detailed Percentile spectrum:
       Value   Percentile   TotalCount 1/(1-Percentile)

       0.017     0.000000            1         1.00
       0.042     0.100000          223         1.11
       0.045     0.200000          418         1.25
       0.049     0.300000          639         1.43
       0.054     0.400000          802         1.67
       0.069     0.500000          997         2.00
       0.079     0.550000         1115         2.22
       0.082     0.600000         1219         2.50
       0.085     0.650000         1308         2.86
       0.091     0.700000         1403         3.33
       0.099     0.750000         1501         4.00
       0.106     0.775000         1546         4.44
       0.113     0.800000         1596         5.00
       0.125     0.825000         1644         5.71
       0.135     0.850000         1694         6.67
       0.142     0.875000         1747         8.00
       0.145     0.887500         1770         8.89
       0.151     0.900000         1793        10.00
       0.159     0.912500         1820        11.43
       0.167     0.925000         1845        13.33
       0.174     0.937500         1872        16.00
       0.182     0.943750         1880        17.78
       0.191     0.950000         1893        20.00
       0.206     0.956250         1905        22.86
       0.220     0.962500         1918        26.67
       0.240     0.968750         1930        32.00
       0.251     0.971875         1936        35.56
       0.280     0.975000         1943        40.00
       0.304     0.978125         1949        45.71
       0.313     0.981250         1956        53.33
       0.349     0.984375         1961        64.00
       0.355     0.985938         1964        71.11
       0.378     0.987500         1969        80.00
       0.382     0.989062         1971        91.43
       0.390     0.990625         1974       106.67
       0.399     0.992188         1977       128.00
       0.400     0.992969         1978       142.22
       0.432     0.993750         1980       160.00
       0.439     0.994531         1982       182.86
       0.445     0.995313         1983       213.33
       0.458     0.996094         1985       256.00
       0.458     0.996484         1985       284.44
       0.497     0.996875         1986       320.00
       0.498     0.997266         1987       365.71
       0.500     0.997656         1988       426.67
       0.525     0.998047         1989       512.00
       0.525     0.998242         1989       568.89
       0.525     0.998437         1989       640.00
       0.540     0.998633         1990       731.43
       0.540     0.998828         1990       853.33
       0.697     0.999023         1991      1024.00
       0.697     0.999121         1991      1137.78
       0.697     0.999219         1991      1280.00
       0.697     0.999316         1991      1462.86
       0.697     0.999414         1991      1706.67
       0.815     0.999512         1992      2048.00
       0.815     1.000000         1992          inf
#[Mean    =        0.088, StdDeviation   =        0.066]
#[Max     =        0.815, Total count    =         1992]
#[Buckets =           27, SubBuckets     =         2048]
-----------------------------------------------------------------------
  2992 requests in 30.00s, 479.19KB read
Requests/sec:     99.73  
Transfer/sec:     15.97KB
